52.48
51.27
57.15
63.46
56.59
58.46
69.36
67.09
62.63
69.36
65.93
67.44
72.43
63.01
65.23
72.24
71.09
78.73
73.54
71.85
86.98
79.18
81.22
74.25
79.08
82.71
76.69
84.56
79.86
81.55
80.11
92.47
83.21
78.04
87.51
77.36
84.59
73.86
77.16
84.97
87.91
85.37
84.29
83.78
78.39
82.76
84.71
93.04
90.30
80.69
92.14
89.69
89.42
97.14
100.60
101.55
94.22
98.47
103.34
108.29
102.80
106.11
103.38
104.84
116.82
121.49
116.31
123.64
122.39
119.29
126.23
133.99
127.95
137.74
118.55
137.42
135.35
134.94
138.34
129.31
139.43
143.50
150.21
141.24
140.70
143.07
150.90
148.62
144.90
150.61
148.95
153.66
145.60
147.71
147.57
142.36
151.27
151.18
149.97
148.83
