1.094653840564312830e+01
1.098273521303835842e+01
1.214575186378725213e+01
1.336551559666967215e+01
1.245980499324234714e+01
1.293590280141583371e+01
1.483445868859436878e+01
1.460072823781994167e+01
1.399105503938945461e+01
1.514140295890825350e+01
1.463530264605720888e+01
1.488761162697992546e+01
1.566136074433879344e+01
1.409662445421606058e+01
1.435754066700984666e+01
1.534803799181474915e+01
1.499805915599480421e+01
1.602063602046719382e+01
1.495508117802010162e+01
1.441664417306017576e+01
1.653856584838161226e+01
1.496186097870872089e+01
1.493254862463393984e+01
1.343751735378498857e+01
1.380685454089963571e+01
1.396624493087521302e+01
1.256610453923130599e+01
1.337549916545606266e+01
1.216573569413486844e+01
1.197224504046471516e+01
1.127653802238293501e+01
1.278995183046924922e+01
1.085047374949341048e+01
9.576125746701123376e+00
1.065411979123445185e+01
8.610722863548920358e+00
9.367910171461337754e+00
7.272974446182585595e+00
7.448620364961386464e+00
8.373476512155658469e+00
8.549387708674277775e+00
7.879215762884036245e+00
7.476651690342132284e+00
7.201106674080989478e+00
6.179531819380573054e+00
6.755669615116910443e+00
6.981872695411666996e+00
8.264874736795929877e+00
7.812631568533107362e+00
6.294946502394120458e+00
8.180193763877174007e+00
7.874660897066180887e+00
7.947125188635726367e+00
9.325518593292759562e+00
1.004709799014480076e+01
1.038869090593134992e+01
9.425198268433700122e+00
1.032961920225024066e+01
1.134562742097167032e+01
1.238335861070325805e+01
1.175584808836328854e+01
1.253602580458146498e+01
1.234900152321692524e+01
1.282578072498793098e+01
1.497562059835443726e+01
1.594269884042354768e+01
1.531664150581872441e+01
1.667339307400666115e+01
1.663150764197910902e+01
1.626883718990984562e+01
1.748396168503611037e+01
1.879876857241854182e+01
1.787352227185485987e+01
1.944525540370933925e+01
1.634420380060189970e+01
1.929712036365761207e+01
1.886047882397554076e+01
1.865351084650032831e+01
1.901811533042726410e+01
1.735673610143619428e+01
1.872371154395542092e+01
1.908934284060826414e+01
1.984317440457467541e+01
1.805837836582248457e+01
1.759564068080290156e+01
1.757057985450293813e+01
1.839716784457257504e+01
1.758758685218655771e+01
1.653129611927579035e+01
1.697120637269946997e+01
1.622315385122519515e+01
1.648936556292754929e+01
1.471062964243342641e+01
1.456174740998857509e+01
1.406055787518522671e+01
1.275755413537940797e+01
1.372809308959694796e+01
1.327644857148426993e+01
1.266641129643736186e+01
1.209222473885303373e+01
1.079235016189525886e+01
1.126411030382000078e+01
1.103739933796067163e+01
1.041904583919443716e+01
1.072249263080884418e+01
1.100936357738759597e+01
1.207577363961748596e+01
1.063498109993301455e+01
1.067885904604632508e+01
1.044049223463354714e+01
9.042220086740819340e+00
1.068290025388403919e+01
1.092808791844237604e+01
1.307395106166485199e+01
1.121885035473295922e+01
1.192709489902334496e+01
1.201231266464063907e+01
1.149743214601876140e+01
1.377357269042685139e+01
1.391868183614724330e+01
